12040	342a939e-2200-4a54-81c4-193b05416ce9_asok12	1421681906	1421682191
12041	8e32a88e-5dd8-401e-b587-9b8b302a9430_asok12	1421681931	1421682191
12042	14480ac1-4b20-4979-8bdd-0b0f8ed59c9f_asok12	1421681945	1421682195
12043	3cd4bf74-a71a-46f1-a0c8-4c3ee4c518c7_asok12	1421681945	1421682195
12044	0c3fba2e-de85-4924-880d-ba947d326163_asok12	1421682321	1421682627
12045	0693dcef-7716-4c54-8dae-614db6f2898f_asok12	1421682326	1421682627
12046	b2a00732-1df3-4d54-be3a-7a50e93c868b_asok12	1421682350	1421682627
12047	b045fce0-6301-4b2e-bbbd-d7f8a662c24b_asok12	1421682350	1421682631
12048	c6e0c2fe-14a3-4bb0-a68d-5fc7f297bb15_asok12	1421682366	1421682631
12049	7f44cbd7-d868-42a1-9ce1-2dc0bbb704b8_asok12	1421682747	1421683052
12050	5446762c-96b7-46a6-9770-9cb5131a8639_asok12	1421682747	1421683058
12051	285ec402-06d2-41af-859d-f88f783c7848_asok12	1421682777	1421683058
12052	5e022e17-5dee-4c94-b4bd-72eddd7f19d5_asok12	1421682787	1421683063
12053	a10f1ed3-093b-4096-b725-84fb875f3e33_asok12	1421682802	1421683063
12054	478de8f8-895d-4f55-8ab4-09303e25d7ba_asok12	1421683167	1421683484
12055	d423c30d-da93-4315-a3d4-cd22fdfb4174_asok12	1421683193	1421683488
12056	f5e9058e-5e1b-4de6-b71b-a61f1ab7a219_asok12	1421683193	1421683488
12057	4d902313-7c72-4eb2-97ac-f6343c92ef0d_asok12	1421683208	1421683488
12058	3146c3af-14d2-49f0-8781-84f2f2c29dd7_asok12	1421683228	1421683493
12059	1de17583-acf4-451b-95c1-869e9e7defc5_asok12	1421683589	1421683904
12060	5236e3c4-25c2-4bd8-8d54-4c0973fc4699_asok12	1421683613	1421683904
12061	5f4e9da0-adeb-4a6f-ad28-f62595c5ce2e_asok12	1421683629	1421683910
12062	94b2cf4a-5ec8-43ea-9cf4-20f9d7dc0f54_asok12	1421683643	1421683910
12063	9a076e69-ab81-4c4c-ae7a-cc27ad2e25c4_asok12	1421683643	1421683914
12064	96ce9c4e-ab3c-4d3c-89a6-91e9b5cc2c9d_asok12	1421684009	1421684335
12065	9a0803a8-5503-44fa-8cd1-9ba0836f836b_asok12	1421684034	1421684340
12066	d464445b-ac06-41ef-aaa7-8b7107c91f9a_asok12	1421684049	1421684340
12067	b1e17cfa-4348-4ff6-83a3-933cc92d231c_asok12	1421684064	1421684345
12068	7fbe149f-265f-40d6-be7e-321f8469623b_asok12	1421684069	1421684345
12069	a17dd047-8382-41d2-b83f-7e552d0a8678_asok12	1421684455	1421684771
12070	ba4f5f26-7457-405e-aa08-282d8172b68a_asok12	1421684470	1421684771
12071	05c19c14-e648-4ec4-9b72-decaef62ba2a_asok12	1421684491	1421684776
12072	d4a7cac9-7725-45a1-a8e6-91b1a84e2bc8_asok12	1421684491	1421684776
12073	0e723d96-ffc0-4bc7-8d93-f965bef1bca4_asok12	1421684546	1421684780
12074	5c113829-97ef-420e-b79a-a36eaf056dde_asok12	1421684891	1421685207
12075	9cedf424-ff10-4bf0-aa82-5c98f7ea8317_asok12	1421684907	1421685211
12076	25aa6bb1-eb66-44da-95e2-07afafff66ec_asok12	1421684907	1421685211
12077	762d0cd1-adf2-47c8-82cb-6bc917693022_asok12	1421684967	1421685217
12078	4a8cdc40-771e-47fb-88b6-aca6bce6c5a7_asok12	1421684952	1421685217
12079	f98f030a-3752-46fc-adbd-f04a78f274f9_asok12	1421685327	1421685638
12080	4462cb4e-c68e-4304-89cf-2f84059f250a_asok12	1421685327	1421685638
12081	8839129a-4236-4bec-9cbc-71d6406314e9_asok12	1421685358	1421685642
12082	5aa9a838-d173-4a6f-b717-f078ca5908b0_asok12	1421685372	1421685642
12083	09869890-608c-4ba9-b747-6c6bcee2a172_asok12	1421685387	1421685647
12084	4a87355b-236c-4ff3-a41e-131ebd0b6d5d_asok12	1421685748	1421686059
12085	4afb9858-13f8-45f4-a318-666d2fa54f5e_asok12	1421685773	1421686059
12086	f6749adc-34a0-4e48-a119-ccc1ad91b298_asok12	1421685789	1421686064
12087	1bdf485f-32f1-4fd6-8490-8a725cfa6a3e_asok12	1421685789	1421686064
12088	d630becf-e0d3-44c2-9cb0-27ebdba22b79_asok12	1421685808	1421686069
12089	d1c8f3b9-f461-4a2e-b9ca-fdf7e3989273_asok12	1421686164	1421686479
12090	bbbb2576-fa44-4c02-ae82-990922265eeb_asok12	1421686193	1421686479
12091	b85daf88-3991-43e4-864d-4be8d6b19c8a_asok12	1421686193	1421686484
12092	7362fe5b-7773-441a-b635-58d860bff9fb_asok12	1421686209	1421686484
12093	efc87ac0-5397-407e-8259-54605bb7bac9_asok12	1421686229	1421686484
12094	f47b4330-d9b3-4642-9f0c-2cc29c9eee88_asok12	1421686590	1421686901
12095	f3300263-f58f-471f-80c1-476514bc5a97_asok12	1421686600	1421686901
12096	30b45ffd-6156-488b-9e1e-a662efef55f9_asok12	1421686614	1421686901
12097	de9516ff-966c-416c-bd50-96a04580cae4_asok12	1421686630	1421686904
12098	faf3e88d-1e2c-4c8f-a740-ab585bb7d774_asok12	1421686650	1421686904
12099	44d19fd1-6ae1-4c72-bfbd-fb2a84b10993_asok12	1421687011	1421687326
12100	80b91910-caad-4724-872f-2998d565c4c9_asok12	1421687035	1421687326
12101	3b630075-93be-4ec4-a7b7-98e6f6b7fa09_asok12	1421687035	1421687331
12102	a5331310-782d-429a-a494-032940e170a4_asok12	1421687051	1421687336
12103	8b48128f-66d4-4da1-b6ec-71c9a78d2382_asok12	1421687070	1421687336
12104	5f7bfa97-26e6-4f70-84c2-984d4c5aa0d8_asok12	1421687440	1421687768
12105	e0d19633-3c10-4770-9241-50ae0b39bcf2_asok12	1421687457	1421687772
12106	effbfb32-56b5-49b3-aa4c-8fdd2b31220b_asok12	1421687471	1421687772
12107	f9ad25d9-4f7e-4f8f-8f91-245ae214d06a_asok12	1421687487	1421687772
12108	aec311cd-c97d-453f-916e-adc3b415dd27_asok12	1421687492	1421687777
12109	78e51211-1249-42c6-93ee-798654358b06_asok12	1421687892	1421688203
12110	3f7f0422-28ac-4373-b847-ee7f5f2c6d2c_asok12	1421687908	1421688203
12111	e4cc89d0-b3b5-4c19-92f6-2c3daccbb7b7_asok12	1421687908	1421688207
12112	8f6489cd-d368-43aa-9fe1-c19d2bc47ef3_asok12	1421687938	1421688208
12113	5584664e-34e4-4d41-87f9-aecc821d4951_asok12	1421687938	1421688208
12114	92e9981b-94bc-4c98-99a5-ba6c6892fba8_asok12	1421688328	1421688624
12115	ae10a4ef-8a24-4630-a5e9-fd88d0d7b27d_asok12	1421688329	1421688629
12116	11de3d16-6be2-4545-ba74-341cbcd725b9_asok12	1421688342	1421688629
12117	f46c440d-d419-4a69-89c8-ae13859746b1_asok12	1421688358	1421688634
12118	523b1796-52e6-45b8-b7ac-6b8ade83562b_asok12	1421688372	1421688634
12119	fadcbd3d-a871-47f9-a9d3-378c8cfff5fe_asok12	1421688749	1421689110
12120	58df51c8-18af-45f6-9f10-f4e6ab3096dc_asok12	1421688749	1421689110
12121	c2172787-f255-4ad6-9a3a-b99b36633559_asok12	1421688764	1421689115
12122	9f721037-a6bc-4960-8e8c-bdeb9491e285_asok12	1421688809	1421689115
